pd_bins,counts,percentage,cumulative
0.0-0.1,49,11.751,11.751
0.1-0.2,79,18.945,30.696
0.2-0.3,70,16.787,47.483
0.3-0.4,52,12.47,59.953
0.4-0.5,50,11.99,71.943
0.5-0.6,37,8.873,80.816
0.6-0.7,34,8.153,88.969
0.7-0.8,21,5.036,94.005
0.8-0.9,20,4.796,98.801
0.9-1.0,5,1.199,100.0
