pd_bins,counts,percentage,cumulative
0.0-0.1,26,14.525,14.525
0.1-0.2,20,11.173,25.698
0.2-0.3,18,10.056,35.754
0.3-0.4,7,3.911,39.665
0.4-0.5,5,2.793,42.458
0.5-0.6,17,9.497,51.955
0.6-0.7,12,6.704,58.659
0.7-0.8,15,8.38,67.039
0.8-0.9,19,10.615,77.654
0.9-1.0,40,22.346,100.0
