pd_bins,counts,percentage,cumulative
0.0-0.1,44,24.581,24.581
0.1-0.2,26,14.525,39.106
0.2-0.3,19,10.615,49.721
0.3-0.4,14,7.821,57.542
0.4-0.5,15,8.38,65.922
0.5-0.6,11,6.145,72.067
0.6-0.7,12,6.704,78.771
0.7-0.8,11,6.145,84.916
0.8-0.9,11,6.145,91.061
0.9-1.0,16,8.939,100.0
