pd_bins,counts,percentage,cumulative
0.0-0.1,41,22.905,22.905
0.1-0.2,22,12.291,35.196
0.2-0.3,15,8.38,43.576
0.3-0.4,14,7.821,51.397
0.4-0.5,18,10.056,61.453
0.5-0.6,16,8.939,70.392
0.6-0.7,12,6.704,77.096
0.7-0.8,15,8.38,85.476
0.8-0.9,12,6.704,92.18
0.9-1.0,14,7.821,100.0
