pd_bins,counts,percentage,cumulative
0.0-0.1,37,20.67,20.67
0.1-0.2,21,11.732,32.402
0.2-0.3,22,12.291,44.693
0.3-0.4,18,10.056,54.749
0.4-0.5,19,10.615,65.364
0.5-0.6,10,5.587,70.951
0.6-0.7,15,8.38,79.331
0.7-0.8,10,5.587,84.918
0.8-0.9,19,10.615,95.533
0.9-1.0,8,4.469,100.0
