pd_bins,counts,percentage,cumulative
0.0-0.1,35,19.553,19.553
0.1-0.2,20,11.173,30.726
0.2-0.3,24,13.408,44.134
0.3-0.4,21,11.732,55.866
0.4-0.5,11,6.145,62.011
0.5-0.6,16,8.939,70.95
0.6-0.7,21,11.732,82.682
0.7-0.8,7,3.911,86.593
0.8-0.9,15,8.38,94.973
0.9-1.0,9,5.028,100.0
