pd_bins,counts,percentage,cumulative
0.0-0.1,26,14.525,14.525
0.1-0.2,29,16.201,30.726
0.2-0.3,22,12.291,43.017
0.3-0.4,20,11.173,54.19
0.4-0.5,17,9.497,63.687
0.5-0.6,11,6.145,69.832
0.6-0.7,10,5.587,75.419
0.7-0.8,14,7.821,83.24
0.8-0.9,17,9.497,92.737
0.9-1.0,13,7.263,100.0
