pd_bins,counts,percentage,cumulative
0.0-0.1,38,21.229,21.229
0.1-0.2,33,18.436,39.665
0.2-0.3,22,12.291,51.956
0.3-0.4,22,12.291,64.247
0.4-0.5,17,9.497,73.744
0.5-0.6,15,8.38,82.124
0.6-0.7,13,7.263,89.387
0.7-0.8,7,3.911,93.298
0.8-0.9,8,4.469,97.767
0.9-1.0,4,2.235,100.0
