pd_bins,counts,percentage,cumulative
0.0-0.1,36,20.112,20.112
0.1-0.2,25,13.966,34.078
0.2-0.3,18,10.056,44.134
0.3-0.4,22,12.291,56.425
0.4-0.5,14,7.821,64.246
0.5-0.6,11,6.145,70.391
0.6-0.7,17,9.497,79.888
0.7-0.8,18,10.056,89.944
0.8-0.9,13,7.263,97.207
0.9-1.0,5,2.793,100.0
