pd_bins,counts,percentage,cumulative
0.0-0.1,32,17.877,17.877
0.1-0.2,23,12.849,30.726
0.2-0.3,24,13.408,44.134
0.3-0.4,19,10.615,54.749
0.4-0.5,19,10.615,65.364
0.5-0.6,14,7.821,73.185
0.6-0.7,17,9.497,82.682
0.7-0.8,14,7.821,90.503
0.8-0.9,12,6.704,97.207
0.9-1.0,5,2.793,100.0
