pd_bins,counts,percentage,cumulative
0.0-0.1,32,17.877,17.877
0.1-0.2,33,18.436,36.313
0.2-0.3,19,10.615,46.928
0.3-0.4,20,11.173,58.101
0.4-0.5,22,12.291,70.392
0.5-0.6,17,9.497,79.889
0.6-0.7,14,7.821,87.71
0.7-0.8,8,4.469,92.179
0.8-0.9,8,4.469,96.648
0.9-1.0,6,3.352,100.0
