pd_bins,counts,percentage,cumulative
0.0-0.1,34,18.994,18.994
0.1-0.2,23,12.849,31.843
0.2-0.3,19,10.615,42.458
0.3-0.4,23,12.849,55.307
0.4-0.5,25,13.966,69.273
0.5-0.6,17,9.497,78.77
0.6-0.7,13,7.263,86.033
0.7-0.8,11,6.145,92.178
0.8-0.9,8,4.469,96.647
0.9-1.0,6,3.352,99.999
