pd_bins,counts,percentage,cumulative
0.0-0.1,44,24.581,24.581
0.1-0.2,19,10.615,35.196
0.2-0.3,13,7.263,42.459
0.3-0.4,16,8.939,51.398
0.4-0.5,12,6.704,58.102
0.5-0.6,14,7.821,65.923
0.6-0.7,12,6.704,72.627
0.7-0.8,13,7.263,79.89
0.8-0.9,17,9.497,89.387
0.9-1.0,19,10.615,100.0
