pd_bins,counts,percentage,cumulative
0.0-0.1,37,20.67,20.67
0.1-0.2,27,15.084,35.754
0.2-0.3,17,9.497,45.251
0.3-0.4,16,8.939,54.19
0.4-0.5,15,8.38,62.57
0.5-0.6,21,11.732,74.302
0.6-0.7,15,8.38,82.682
0.7-0.8,13,7.263,89.945
0.8-0.9,12,6.704,96.649
0.9-1.0,6,3.352,100.0
