pd_bins,counts,percentage,cumulative
0.0-0.1,19,10.615,10.615
0.1-0.2,22,12.291,22.906
0.2-0.3,25,13.966,36.872
0.3-0.4,26,14.525,51.397
0.4-0.5,18,10.056,61.453
0.5-0.6,18,10.056,71.509
0.6-0.7,18,10.056,81.565
0.7-0.8,13,7.263,88.828
0.8-0.9,15,8.38,97.208
0.9-1.0,5,2.793,100.0
