pd_bins,counts,percentage,cumulative
0.0-0.1,29,16.201,16.201
0.1-0.2,43,24.022,40.223
0.2-0.3,15,8.38,48.603
0.3-0.4,20,11.173,59.776
0.4-0.5,18,10.056,69.832
0.5-0.6,18,10.056,79.888
0.6-0.7,15,8.38,88.268
0.7-0.8,4,2.235,90.503
0.8-0.9,12,6.704,97.207
0.9-1.0,5,2.793,100.0
