pd_bins,counts,percentage,cumulative
0.0-0.1,20,11.173,11.173
0.1-0.2,30,16.76,27.933
0.2-0.3,19,10.615,38.548
0.3-0.4,18,10.056,48.604
0.4-0.5,17,9.497,58.101
0.5-0.6,17,9.497,67.598
0.6-0.7,14,7.821,75.419
0.7-0.8,19,10.615,86.034
0.8-0.9,18,10.056,96.09
0.9-1.0,7,3.911,100.0
