pd_bins,counts,percentage,cumulative
0.0-0.1,20,11.173,11.173
0.1-0.2,28,15.642,26.815
0.2-0.3,21,11.732,38.547
0.3-0.4,25,13.966,52.513
0.4-0.5,19,10.615,63.128
0.5-0.6,14,7.821,70.949
0.6-0.7,15,8.38,79.329
0.7-0.8,20,11.173,90.502
0.8-0.9,15,8.38,98.882
0.9-1.0,2,1.117,99.999
