pd_bins,counts,percentage,cumulative
0.0-0.1,22,12.291,12.291
0.1-0.2,31,17.318,29.609
0.2-0.3,27,15.084,44.693
0.3-0.4,16,8.939,53.632
0.4-0.5,15,8.38,62.012
0.5-0.6,21,11.732,73.744
0.6-0.7,17,9.497,83.241
0.7-0.8,12,6.704,89.945
0.8-0.9,12,6.704,96.649
0.9-1.0,6,3.352,100.0
