pd_bins,counts,percentage,cumulative
0.0-0.1,24,13.408,13.408
0.1-0.2,29,16.201,29.609
0.2-0.3,25,13.966,43.575
0.3-0.4,28,15.642,59.217
0.4-0.5,22,12.291,71.508
0.5-0.6,10,5.587,77.095
0.6-0.7,17,9.497,86.592
0.7-0.8,15,8.38,94.972
0.8-0.9,6,3.352,98.324
0.9-1.0,3,1.676,100.0
