pd_bins,counts,percentage,cumulative
0.0-0.1,26,14.525,14.525
0.1-0.2,24,13.408,27.933
0.2-0.3,30,16.76,44.693
0.3-0.4,17,9.497,54.19
0.4-0.5,14,7.821,62.011
0.5-0.6,18,10.056,72.067
0.6-0.7,20,11.173,83.24
0.7-0.8,14,7.821,91.061
0.8-0.9,8,4.469,95.53
0.9-1.0,8,4.469,99.999
