pd_bins,counts,percentage,cumulative
0.0-0.1,16,8.939,8.939
0.1-0.2,31,17.318,26.257
0.2-0.3,21,11.732,37.989
0.3-0.4,18,10.056,48.045
0.4-0.5,18,10.056,58.101
0.5-0.6,17,9.497,67.598
0.6-0.7,20,11.173,78.771
0.7-0.8,16,8.939,87.71
0.8-0.9,17,9.497,97.207
0.9-1.0,5,2.793,100.0
