pd_bins,counts,percentage,cumulative
0.0-0.1,16,8.939,8.939
0.1-0.2,33,18.436,27.375
0.2-0.3,26,14.525,41.9
0.3-0.4,24,13.408,55.308
0.4-0.5,15,8.38,63.688
0.5-0.6,18,10.056,73.744
0.6-0.7,18,10.056,83.8
0.7-0.8,17,9.497,93.297
0.8-0.9,10,5.587,98.884
0.9-1.0,2,1.117,100.0
