pd_bins,counts,percentage,cumulative
0.0-0.1,46,25.698,25.698
0.1-0.2,29,16.201,41.899
0.2-0.3,14,7.821,49.72
0.3-0.4,7,3.911,53.631
0.4-0.5,11,6.145,59.776
0.5-0.6,12,6.704,66.48
0.6-0.7,13,7.263,73.743
0.7-0.8,13,7.263,81.006
0.8-0.9,13,7.263,88.269
0.9-1.0,21,11.732,100.0
