pd_bins,counts,percentage,cumulative
0.0-0.1,15,8.38,8.38
0.1-0.2,43,24.022,32.402
0.2-0.3,24,13.408,45.81
0.3-0.4,24,13.408,59.218
0.4-0.5,14,7.821,67.039
0.5-0.6,23,12.849,79.888
0.6-0.7,12,6.704,86.592
0.7-0.8,17,9.497,96.089
0.8-0.9,5,2.793,98.882
0.9-1.0,2,1.117,99.999
