pd_bins,counts,percentage,cumulative
0.0-0.1,22,12.291,12.291
0.1-0.2,27,15.084,27.375
0.2-0.3,26,14.525,41.9
0.3-0.4,18,10.056,51.956
0.4-0.5,17,9.497,61.453
0.5-0.6,20,11.173,72.626
0.6-0.7,18,10.056,82.682
0.7-0.8,17,9.497,92.179
0.8-0.9,12,6.704,98.883
0.9-1.0,2,1.117,100.0
