pd_bins,counts,percentage,cumulative
0.0-0.1,20,11.173,11.173
0.1-0.2,31,17.318,28.491
0.2-0.3,26,14.525,43.016
0.3-0.4,26,14.525,57.541
0.4-0.5,22,12.291,69.832
0.5-0.6,15,8.38,78.212
0.6-0.7,13,7.263,85.475
0.7-0.8,13,7.263,92.738
0.8-0.9,11,6.145,98.883
0.9-1.0,2,1.117,100.0
