pd_bins,counts,percentage,cumulative
0.0-0.1,12,6.704,6.704
0.1-0.2,23,12.849,19.553
0.2-0.3,32,17.877,37.43
0.3-0.4,31,17.318,54.748
0.4-0.5,17,9.497,64.245
0.5-0.6,21,11.732,75.977
0.6-0.7,19,10.615,86.592
0.7-0.8,10,5.587,92.179
0.8-0.9,12,6.704,98.883
0.9-1.0,2,1.117,100.0
