pd_bins,counts,percentage,cumulative
0.0-0.1,24,13.408,13.408
0.1-0.2,34,18.994,32.402
0.2-0.3,31,17.318,49.72
0.3-0.4,17,9.497,59.217
0.4-0.5,16,8.939,68.156
0.5-0.6,23,12.849,81.005
0.6-0.7,13,7.263,88.268
0.7-0.8,15,8.38,96.648
0.8-0.9,3,1.676,98.324
0.9-1.0,3,1.676,100.0
