pd_bins,counts,percentage,cumulative
0.0-0.1,18,10.056,10.056
0.1-0.2,26,14.525,24.581
0.2-0.3,34,18.994,43.575
0.3-0.4,28,15.642,59.217
0.4-0.5,18,10.056,69.273
0.5-0.6,13,7.263,76.536
0.6-0.7,19,10.615,87.151
0.7-0.8,15,8.38,95.531
0.8-0.9,6,3.352,98.883
0.9-1.0,2,1.117,100.0
