pd_bins,counts,percentage,cumulative
0.0-0.1,48,26.816,26.816
0.1-0.2,24,13.408,40.224
0.2-0.3,15,8.38,48.604
0.3-0.4,19,10.615,59.219
0.4-0.5,11,6.145,65.364
0.5-0.6,8,4.469,69.833
0.6-0.7,17,9.497,79.33
0.7-0.8,11,6.145,85.475
0.8-0.9,12,6.704,92.179
0.9-1.0,14,7.821,100.0
