pd_bins,counts,percentage,cumulative
0.0-0.1,57,31.844,31.844
0.1-0.2,26,14.525,46.369
0.2-0.3,14,7.821,54.19
0.3-0.4,12,6.704,60.894
0.4-0.5,14,7.821,68.715
0.5-0.6,13,7.263,75.978
0.6-0.7,5,2.793,78.771
0.7-0.8,10,5.587,84.358
0.8-0.9,13,7.263,91.621
0.9-1.0,15,8.38,100.0
