pd_bins,counts,percentage,cumulative
0.0-0.1,44,24.581,24.581
0.1-0.2,27,15.084,39.665
0.2-0.3,14,7.821,47.486
0.3-0.4,18,10.056,57.542
0.4-0.5,12,6.704,64.246
0.5-0.6,10,5.587,69.833
0.6-0.7,18,10.056,79.889
0.7-0.8,11,6.145,86.034
0.8-0.9,13,7.263,93.297
0.9-1.0,12,6.704,100.0
