pd_bins,counts,percentage,cumulative
0.0-0.1,44,24.581,24.581
0.1-0.2,17,9.497,34.078
0.2-0.3,14,7.821,41.899
0.3-0.4,19,10.615,52.514
0.4-0.5,12,6.704,59.218
0.5-0.6,10,5.587,64.805
0.6-0.7,15,8.38,73.185
0.7-0.8,12,6.704,79.889
0.8-0.9,19,10.615,90.504
0.9-1.0,17,9.497,100.0
