pd_bins,counts,percentage,cumulative
0.0-0.1,51,28.492,28.492
0.1-0.2,21,11.732,40.224
0.2-0.3,16,8.939,49.163
0.3-0.4,13,7.263,56.426
0.4-0.5,11,6.145,62.571
0.5-0.6,15,8.38,70.951
0.6-0.7,13,7.263,78.214
0.7-0.8,15,8.38,86.594
0.8-0.9,17,9.497,96.091
0.9-1.0,7,3.911,100.0
