pd_bins,counts,percentage,cumulative
0.0-0.1,45,25.14,25.14
0.1-0.2,21,11.732,36.872
0.2-0.3,19,10.615,47.487
0.3-0.4,17,9.497,56.984
0.4-0.5,12,6.704,63.688
0.5-0.6,15,8.38,72.068
0.6-0.7,17,9.497,81.565
0.7-0.8,14,7.821,89.386
0.8-0.9,9,5.028,94.414
0.9-1.0,10,5.587,100.0
