pd_bins,counts,percentage,cumulative
0.0-0.1,73,10.253,10.253
0.1-0.2,40,5.618,15.871
0.2-0.3,53,7.444,23.315
0.3-0.4,42,5.899,29.214
0.4-0.5,31,4.354,33.568
0.5-0.6,38,5.337,38.905
0.6-0.7,59,8.287,47.192
0.7-0.8,46,6.461,53.653
0.8-0.9,87,12.219,65.872
0.9-1.0,243,34.129,100.0
