pd_bins,counts,percentage,cumulative
0.0-0.1,152,21.348,21.348
0.1-0.2,105,14.747,36.095
0.2-0.3,95,13.343,49.438
0.3-0.4,66,9.27,58.708
0.4-0.5,50,7.022,65.73
0.5-0.6,57,8.006,73.736
0.6-0.7,58,8.146,81.882
0.7-0.8,47,6.601,88.483
0.8-0.9,48,6.742,95.225
0.9-1.0,34,4.775,100.0
