pd_bins,counts,percentage,cumulative
0.0-0.1,159,22.331,22.331
0.1-0.2,97,13.624,35.955
0.2-0.3,82,11.517,47.472
0.3-0.4,69,9.691,57.163
0.4-0.5,53,7.444,64.607
0.5-0.6,50,7.022,71.629
0.6-0.7,58,8.146,79.775
0.7-0.8,49,6.882,86.657
0.8-0.9,52,7.303,93.96
0.9-1.0,43,6.039,99.999
