pd_bins,counts,percentage,cumulative
0.0-0.1,160,22.472,22.472
0.1-0.2,118,16.573,39.045
0.2-0.3,75,10.534,49.579
0.3-0.4,67,9.41,58.989
0.4-0.5,51,7.163,66.152
0.5-0.6,50,7.022,73.174
0.6-0.7,50,7.022,80.196
0.7-0.8,36,5.056,85.252
0.8-0.9,62,8.708,93.96
0.9-1.0,43,6.039,99.999
