pd_bins,counts,percentage,cumulative
0.0-0.1,122,17.135,17.135
0.1-0.2,119,16.713,33.848
0.2-0.3,86,12.079,45.927
0.3-0.4,70,9.831,55.758
0.4-0.5,64,8.989,64.747
0.5-0.6,46,6.461,71.208
0.6-0.7,57,8.006,79.214
0.7-0.8,53,7.444,86.658
0.8-0.9,51,7.163,93.821
0.9-1.0,44,6.18,100.0
