pd_bins,counts,percentage,cumulative
0.0-0.1,138,19.382,19.382
0.1-0.2,102,14.326,33.708
0.2-0.3,75,10.534,44.242
0.3-0.4,80,11.236,55.478
0.4-0.5,69,9.691,65.169
0.5-0.6,56,7.865,73.034
0.6-0.7,59,8.287,81.321
0.7-0.8,50,7.022,88.343
0.8-0.9,43,6.039,94.382
0.9-1.0,40,5.618,100.0
