pd_bins,counts,percentage,cumulative
0.0-0.1,151,21.208,21.208
0.1-0.2,93,13.062,34.27
0.2-0.3,67,9.41,43.68
0.3-0.4,77,10.815,54.495
0.4-0.5,69,9.691,64.186
0.5-0.6,57,8.006,72.192
0.6-0.7,50,7.022,79.214
0.7-0.8,64,8.989,88.203
0.8-0.9,51,7.163,95.366
0.9-1.0,33,4.635,100.0
