pd_bins,counts,percentage,cumulative
0.0-0.1,124,17.416,17.416
0.1-0.2,125,17.556,34.972
0.2-0.3,79,11.096,46.068
0.3-0.4,65,9.129,55.197
0.4-0.5,70,9.831,65.028
0.5-0.6,54,7.584,72.612
0.6-0.7,56,7.865,80.477
0.7-0.8,50,7.022,87.499
0.8-0.9,62,8.708,96.207
0.9-1.0,27,3.792,99.999
