pd_bins,counts,percentage,cumulative
0.0-0.1,121,16.994,16.994
0.1-0.2,123,17.275,34.269
0.2-0.3,81,11.376,45.645
0.3-0.4,81,11.376,57.021
0.4-0.5,61,8.567,65.588
0.5-0.6,62,8.708,74.296
0.6-0.7,48,6.742,81.038
0.7-0.8,57,8.006,89.044
0.8-0.9,47,6.601,95.645
0.9-1.0,31,4.354,99.999
