pd_bins,counts,percentage,cumulative
0.0-0.1,135,18.961,18.961
0.1-0.2,96,13.483,32.444
0.2-0.3,105,14.747,47.191
0.3-0.4,80,11.236,58.427
0.4-0.5,66,9.27,67.697
0.5-0.6,67,9.41,77.107
0.6-0.7,49,6.882,83.989
0.7-0.8,47,6.601,90.59
0.8-0.9,41,5.758,96.348
0.9-1.0,26,3.652,100.0
