pd_bins,counts,percentage,cumulative
0.0-0.1,115,16.152,16.152
0.1-0.2,122,17.135,33.287
0.2-0.3,98,13.764,47.051
0.3-0.4,85,11.938,58.989
0.4-0.5,75,10.534,69.523
0.5-0.6,60,8.427,77.95
0.6-0.7,56,7.865,85.815
0.7-0.8,42,5.899,91.714
0.8-0.9,34,4.775,96.489
0.9-1.0,25,3.511,100.0
