pd_bins,counts,percentage,cumulative
0.0-0.1,130,18.258,18.258
0.1-0.2,90,12.64,30.898
0.2-0.3,55,7.725,38.623
0.3-0.4,51,7.163,45.786
0.4-0.5,46,6.461,52.247
0.5-0.6,44,6.18,58.427
0.6-0.7,44,6.18,64.607
0.7-0.8,52,7.303,71.91
0.8-0.9,80,11.236,83.146
0.9-1.0,120,16.854,100.0
