pd_bins,counts,percentage,cumulative
0.0-0.1,126,17.697,17.697
0.1-0.2,124,17.416,35.113
0.2-0.3,86,12.079,47.192
0.3-0.4,79,11.096,58.288
0.4-0.5,64,8.989,67.277
0.5-0.6,65,9.129,76.406
0.6-0.7,55,7.725,84.131
0.7-0.8,46,6.461,90.592
0.8-0.9,47,6.601,97.193
0.9-1.0,20,2.809,100.0
