pd_bins,counts,percentage,cumulative
0.0-0.1,103,14.466,14.466
0.1-0.2,124,17.416,31.882
0.2-0.3,109,15.309,47.191
0.3-0.4,77,10.815,58.006
0.4-0.5,58,8.146,66.152
0.5-0.6,62,8.708,74.86
0.6-0.7,65,9.129,83.989
0.7-0.8,54,7.584,91.573
0.8-0.9,39,5.478,97.051
0.9-1.0,21,2.949,100.0
