pd_bins,counts,percentage,cumulative
0.0-0.1,113,15.871,15.871
0.1-0.2,125,17.556,33.427
0.2-0.3,98,13.764,47.191
0.3-0.4,78,10.955,58.146
0.4-0.5,67,9.41,67.556
0.5-0.6,71,9.972,77.528
0.6-0.7,52,7.303,84.831
0.7-0.8,46,6.461,91.292
0.8-0.9,48,6.742,98.034
0.9-1.0,14,1.966,100.0
