pd_bins,counts,percentage,cumulative
0.0-0.1,103,14.466,14.466
0.1-0.2,109,15.309,29.775
0.2-0.3,97,13.624,43.399
0.3-0.4,91,12.781,56.18
0.4-0.5,65,9.129,65.309
0.5-0.6,69,9.691,75.0
0.6-0.7,72,10.112,85.112
0.7-0.8,58,8.146,93.258
0.8-0.9,33,4.635,97.893
0.9-1.0,15,2.107,100.0
