pd_bins,counts,percentage,cumulative
0.0-0.1,101,14.185,14.185
0.1-0.2,129,18.118,32.303
0.2-0.3,94,13.202,45.505
0.3-0.4,81,11.376,56.881
0.4-0.5,81,11.376,68.257
0.5-0.6,58,8.146,76.403
0.6-0.7,62,8.708,85.111
0.7-0.8,50,7.022,92.133
0.8-0.9,40,5.618,97.751
0.9-1.0,16,2.247,99.998
