pd_bins,counts,percentage,cumulative
0.0-0.1,86,12.079,12.079
0.1-0.2,115,16.152,28.231
0.2-0.3,105,14.747,42.978
0.3-0.4,93,13.062,56.04
0.4-0.5,74,10.393,66.433
0.5-0.6,78,10.955,77.388
0.6-0.7,63,8.848,86.236
0.7-0.8,52,7.303,93.539
0.8-0.9,35,4.916,98.455
0.9-1.0,11,1.545,100.0
