pd_bins,counts,percentage,cumulative
0.0-0.1,100,14.045,14.045
0.1-0.2,131,18.399,32.444
0.2-0.3,104,14.607,47.051
0.3-0.4,92,12.921,59.972
0.4-0.5,82,11.517,71.489
0.5-0.6,50,7.022,78.511
0.6-0.7,53,7.444,85.955
0.7-0.8,42,5.899,91.854
0.8-0.9,49,6.882,98.736
0.9-1.0,9,1.264,100.0
