pd_bins,counts,percentage,cumulative
0.0-0.1,100,14.045,14.045
0.1-0.2,138,19.382,33.427
0.2-0.3,96,13.483,46.91
0.3-0.4,74,10.393,57.303
0.4-0.5,69,9.691,66.994
0.5-0.6,64,8.989,75.983
0.6-0.7,58,8.146,84.129
0.7-0.8,62,8.708,92.837
0.8-0.9,40,5.618,98.455
0.9-1.0,11,1.545,100.0
