pd_bins,counts,percentage,cumulative
0.0-0.1,83,11.657,11.657
0.1-0.2,130,18.258,29.915
0.2-0.3,106,14.888,44.803
0.3-0.4,78,10.955,55.758
0.4-0.5,90,12.64,68.398
0.5-0.6,75,10.534,78.932
0.6-0.7,61,8.567,87.499
0.7-0.8,50,7.022,94.521
0.8-0.9,30,4.213,98.734
0.9-1.0,9,1.264,99.998
