pd_bins,counts,percentage,cumulative
0.0-0.1,79,11.096,11.096
0.1-0.2,126,17.697,28.793
0.2-0.3,95,13.343,42.136
0.3-0.4,79,11.096,53.232
0.4-0.5,85,11.938,65.17
0.5-0.6,64,8.989,74.159
0.6-0.7,61,8.567,82.726
0.7-0.8,74,10.393,93.119
0.8-0.9,42,5.899,99.018
0.9-1.0,7,0.983,100.0
