pd_bins,counts,percentage,cumulative
0.0-0.1,198,27.809,27.809
0.1-0.2,74,10.393,38.202
0.2-0.3,62,8.708,46.91
0.3-0.4,54,7.584,54.494
0.4-0.5,49,6.882,61.376
0.5-0.6,52,7.303,68.679
0.6-0.7,46,6.461,75.14
0.7-0.8,42,5.899,81.039
0.8-0.9,56,7.865,88.904
0.9-1.0,79,11.096,100.0
