pd_bins,counts,percentage,cumulative
0.0-0.1,96,13.483,13.483
0.1-0.2,113,15.871,29.354
0.2-0.3,114,16.011,45.365
0.3-0.4,99,13.904,59.269
0.4-0.5,82,11.517,70.786
0.5-0.6,73,10.253,81.039
0.6-0.7,62,8.708,89.747
0.7-0.8,38,5.337,95.084
0.8-0.9,28,3.933,99.017
0.9-1.0,7,0.983,100.0
