pd_bins,counts,percentage,cumulative
0.0-0.1,91,12.781,12.781
0.1-0.2,103,14.466,27.247
0.2-0.3,111,15.59,42.837
0.3-0.4,122,17.135,59.972
0.4-0.5,76,10.674,70.646
0.5-0.6,65,9.129,79.775
0.6-0.7,57,8.006,87.781
0.7-0.8,47,6.601,94.382
0.8-0.9,33,4.635,99.017
0.9-1.0,7,0.983,100.0
