pd_bins,counts,percentage,cumulative
0.0-0.1,69,9.691,9.691
0.1-0.2,102,14.326,24.017
0.2-0.3,142,19.944,43.961
0.3-0.4,97,13.624,57.585
0.4-0.5,91,12.781,70.366
0.5-0.6,76,10.674,81.04
0.6-0.7,55,7.725,88.765
0.7-0.8,37,5.197,93.962
0.8-0.9,28,3.933,97.895
0.9-1.0,15,2.107,100.0
