pd_bins,counts,percentage,cumulative
0.0-0.1,82,11.517,11.517
0.1-0.2,124,17.416,28.933
0.2-0.3,114,16.011,44.944
0.3-0.4,94,13.202,58.146
0.4-0.5,84,11.798,69.944
0.5-0.6,61,8.567,78.511
0.6-0.7,76,10.674,89.185
0.7-0.8,39,5.478,94.663
0.8-0.9,22,3.09,97.753
0.9-1.0,16,2.247,100.0
