pd_bins,counts,percentage,cumulative
0.0-0.1,83,11.657,11.657
0.1-0.2,108,15.169,26.826
0.2-0.3,117,16.433,43.259
0.3-0.4,105,14.747,58.006
0.4-0.5,81,11.376,69.382
0.5-0.6,63,8.848,78.23
0.6-0.7,66,9.27,87.5
0.7-0.8,50,7.022,94.522
0.8-0.9,28,3.933,98.455
0.9-1.0,11,1.545,100.0
