pd_bins,counts,percentage,cumulative
0.0-0.1,81,11.376,11.376
0.1-0.2,123,17.275,28.651
0.2-0.3,113,15.871,44.522
0.3-0.4,90,12.64,57.162
0.4-0.5,79,11.096,68.258
0.5-0.6,78,10.955,79.213
0.6-0.7,67,9.41,88.623
0.7-0.8,44,6.18,94.803
0.8-0.9,29,4.073,98.876
0.9-1.0,8,1.124,100.0
