pd_bins,counts,percentage,cumulative
0.0-0.1,177,24.86,24.86
0.1-0.2,111,15.59,40.45
0.2-0.3,66,9.27,49.72
0.3-0.4,57,8.006,57.726
0.4-0.5,50,7.022,64.748
0.5-0.6,38,5.337,70.085
0.6-0.7,51,7.163,77.248
0.7-0.8,50,7.022,84.27
0.8-0.9,50,7.022,91.292
0.9-1.0,62,8.708,100.0
