pd_bins,counts,percentage,cumulative
0.0-0.1,205,28.792,28.792
0.1-0.2,89,12.5,41.292
0.2-0.3,70,9.831,51.123
0.3-0.4,40,5.618,56.741
0.4-0.5,61,8.567,65.308
0.5-0.6,56,7.865,73.173
0.6-0.7,27,3.792,76.965
0.7-0.8,46,6.461,83.426
0.8-0.9,59,8.287,91.713
0.9-1.0,59,8.287,100.0
