pd_bins,counts,percentage,cumulative
0.0-0.1,176,24.719,24.719
0.1-0.2,93,13.062,37.781
0.2-0.3,59,8.287,46.068
0.3-0.4,52,7.303,53.371
0.4-0.5,44,6.18,59.551
0.5-0.6,64,8.989,68.54
0.6-0.7,36,5.056,73.596
0.7-0.8,66,9.27,82.866
0.8-0.9,52,7.303,90.169
0.9-1.0,70,9.831,100.0
