pd_bins,counts,percentage,cumulative
0.0-0.1,193,27.107,27.107
0.1-0.2,127,17.837,44.944
0.2-0.3,63,8.848,53.792
0.3-0.4,48,6.742,60.534
0.4-0.5,69,9.691,70.225
0.5-0.6,36,5.056,75.281
0.6-0.7,36,5.056,80.337
0.7-0.8,49,6.882,87.219
0.8-0.9,46,6.461,93.68
0.9-1.0,45,6.32,100.0
