pd_bins,counts,percentage,cumulative
0.0-0.1,183,25.702,25.702
0.1-0.2,107,15.028,40.73
0.2-0.3,67,9.41,50.14
0.3-0.4,49,6.882,57.022
0.4-0.5,45,6.32,63.342
0.5-0.6,49,6.882,70.224
0.6-0.7,51,7.163,77.387
0.7-0.8,50,7.022,84.409
0.8-0.9,57,8.006,92.415
0.9-1.0,54,7.584,99.999
