pd_bins,counts,percentage,cumulative
0.0-0.1,186,26.124,26.124
0.1-0.2,102,14.326,40.45
0.2-0.3,67,9.41,49.86
0.3-0.4,63,8.848,58.708
0.4-0.5,48,6.742,65.45
0.5-0.6,41,5.758,71.208
0.6-0.7,52,7.303,78.511
0.7-0.8,49,6.882,85.393
0.8-0.9,55,7.725,93.118
0.9-1.0,49,6.882,100.0
